[.19197467966866089	-.0032607852529626734	-.035874045831782136	-.02593478969746501	-.016220623123324163	-.0037953481840900145	-.010264400379967386	.031288314475997635	.01627825759154057	.03931294809796913	-.016460933625725184	.020712146285065118	-.037540873393233115	.0373790471835222	-.004327157205341081	.035520477636130865	.024767854198790133	.007746657926340426	.006931682478831405	.01584353856798654	.004000673092569709	-.010484746860279608	-.030105512736409747	.009876887568922885	-.04392287364139495	.00536105475105146	-.02530086960966335	.02208921543375413	-.0026415319236028807	.027254711734558665	.016313836150047948	.017979886050815404	.043128514146536824	-.0015608182219068714	.013648228173371605	.012671693578811635	.018570059484212722	.020926299102115332	-.03654219136157297	-.010626069937069481	.03268743161010743	.005727667148371919	.012028513839344066	.0001630969161095552	-.0591273374109561	-.01675956392447603	-.01703297683987956	-.016068458778312398	.03533693100701356	.019248174934508536	.04783182865769426	.024559309995565267	.033204893503916866	.034577925984168666	-.014261834170303671	-.00357372409414317	.05847155046629759	-.008965809229604086	.013654760429957249	-.01484524986330404	.0018978536755606687	-.04017712542772231	.0004656874366449578	-.021500879844762538	.032725449243351176	-.019045703165272158	-.0023771518302091892	-.02664704360356226	-.008876459441681039	-.010411697112561956	-.054353568276546214	-.03891339514666735	-.036780595423221846	-.007165661286781473	-.009874382460108484	-.02763075810946213	-.0060086920495981385	.010918772896556952	.010432192295964765	.020064188205323737	.009170083093020774	-.035608694640040205	.040379507713922264	-.005493719954810047	.03819036568081294	-.05473073780855223	-.015367673854687007	.023277457402864167	-.018864604574595465	-.00024542787983853964	.008353024134156499	-.002091593561023532	-.052947803461405166	52062333178190875e-22	.01888706604720839	.020268199446841266	.009881955226084748	.03291078545855356	.03462038463054357	.00907797571381728	-.03502650852458468	.007587275979956505	-.030280805170108158	.009641254031796335	.005180308314449651	-.021320427093575275	-.018318159538997462	.0032297890320724513	.002773737321460173	.004666533347559241	.0093665096087438	2637971108702575e-24	12909242910815935e-25	17803917335714623e-22	-16329364205091562e-22
-.0032607852529626734	.26166738544209167	.006563991673137105	-.05245469082511818	-.006699727828829811	.05207461042083806	-.001842755198464965	.017421217083319684	.013791193627227577	.032657577578660314	.01947915539570944	.04013481828236356	-.046416750240081885	.042738690736956804	.03275380797262243	-.014055345189523472	-.002610378784903385	-.011820722299858815	-.027185113689827733	.012217922872243957	.034964410908351305	.024278357288834037	.0003932933097278139	.015440106973472376	-.018821111869807762	.014126881958532837	.005860229624617017	.002104326662371607	-.034845549633563296	.002317840123215439	-.004226841338177025	.0018896870891367168	.06762656878271167	-.009160663296166957	.02588374406800475	-.035528163218402506	.024307055960866377	-.004415511727952641	.02380888758387817	.009403761666150336	-.016172467429867263	.02207428601517138	.06496604388360944	.025564881489968983	-.024191145070958677	-.03297537650320987	.021675057116721106	-.025019424440059192	-.03985384972268443	-.060343186826482945	-.037372259395324556	.010936148603847803	-.02795539218490436	-.009246689187285127	-.032952092574998766	.006178946941075415	-.022615241824596576	-.045009448346243514	.012815596507169387	-.0028409110077380196	.040007544132654026	-.03319405668096922	.02538172031788847	.014964694076755979	.009352862374169726	-.027365166692245126	-.026326227516376685	.0029910175772088037	.003449313596628693	-.04186185354930152	-.022908577854675687	.024174048855190537	-.002844945476630061	-.008996531036368629	-.002379194585297691	.008670181901192406	.03966359158196087	-.009752582866149533	-.029264060616541507	.048451205082143414	.04370775363043149	-.014314022017971278	-.0009559831258995155	-.013622298306825643	.007850649647262238	.012301089967110962	-.027384649898243886	.019153163991274872	-.014513282434573742	.014341286645079734	.0023459154325149857	-.012713323187547662	-.017358722196240864	.0009593658344172602	.002790927943073866	.010558595050327977	-.010433993124620948	.03617055593378899	-.012051803113620876	.048651899835420676	-.023656448218369007	-.04084351201659312	-.04211958600477012	-.017381895200013143	.012057126964427636	.043358084244381735	-.01343880012600905	.004270784483259098	-.0273971784659096	.011538282388956555	-.006970146837704309	-14261736471526318e-24	-8624820066020911e-24	2003286382078803e-21	-9537395169653292e-22
-.035874045831782136	.006563991673137105	.30606090479715137	.008311137632379553	-.0031866544554571773	-.005820751293779644	-.0047064450772165865	6583413529927171e-20	.027087944485219607	-.0005035064167095739	.02285653047321182	-.02303091897449091	.017286178694748022	-.014168761790852408	-.002980924867143553	-.04573554756767754	-.005916757077790293	.012254286666346419	.013019997271382738	-.032038688262913936	-.022226236284277032	.02989966994157544	.05041116979446803	.03320469999466959	-.0074338781053412736	-.008457743520468354	.0030943091876443913	-.004338401404179733	-.034500930601357706	-.03932155383663657	.032354461085355155	.009845658926863746	-.053112497265191544	.009902217050360065	.0449300168869559	.04750990237253731	-.0009392073721540357	.009965687910238602	.017933313418361414	.038319929594016124	-.020618154526187173	.001530873134058102	.059756487500152694	-.03531068281453956	.04237507703556264	-.014234632959629916	.000785091813718744	-.000996237537719797	-.0031125357914467836	-.024835774550251776	.004673229252522561	.043151991598729386	-.016372473037647443	-.018603077841191355	-.02337432704425426	-.03683032433701982	-.028561895009483484	.035929595029439175	-.030001155597871365	.011493046944593419	-.0025167325990879882	-.00014104794543263744	-.05447904714979316	.030171794620808746	8787987028872897e-20	.05201055509626945	.016221536761892107	.03360308451986851	.052024032344858515	-.004651685701804687	-.04516298338179737	.05679511740842181	-.004601958595305988	-.08773672300608469	-.011899779423104924	-.028333699878453623	.0008610036450351111	-.00403206725224113	.01707410862355685	.031410058701772936	.01613783003154495	.03840242365058055	.015245710300272022	.011954888265319054	-.017293116135383743	-.04103158922006421	-.01822648672840771	.007151157773154046	.022209076693484736	-.018260536561152032	-.0002031975657201853	-.010321903666800514	.028249089126181945	-.0025319787509513088	.029426475310724308	-.027864948135863484	.038968078887054634	-.006711734986765304	-.007048086792705044	.07359381106001962	.01109515671440151	-.010234640064603001	.004308646014863504	.017284855323307338	.00543987698559445	.044086846620610534	-.0235966547725531	-.031716438293298344	.0014777959594549019	-.04981360815395247	-.01458779519687715	6495654704304009e-23	10835791962608382e-24	-6660171428615648e-21	7505337782706498e-21
-.02593478969746501	-.05245469082511818	.008311137632379553	.2704137312507751	.02661708133737123	-.02603704743573065	-.006798632764284817	.02564192938344168	.02310933817946406	.009840548258818072	-.051181709111814216	.015602627189250136	.017492513432488914	.007409598753099605	-.03698711023590406	-.024722084021746513	.029698681183415288	.0022783684147714713	.010118847787737903	.004477512910383525	-.025560181216381105	-.007962384305324614	.0025085022216271733	-.003978357633339096	.017781087774641016	-.012421459717050989	-.00645317273642176	.05318541107087008	.018202673794589064	-.013240417982830053	-.0058136569949437744	.02078515393401064	-.04584033642607992	.01729805799158805	-.05062246426778013	.00039769435839001827	.0033767940227988026	-.015328141208252183	-.016574322594613434	.021734007720941036	.015640829610279433	-.014764223853098831	-.01247264086768883	.006622898535771857	.07195513994566849	.003920354900289642	.019966635242736584	-.005391304720384991	3792080732985549e-20	-.023162714947345692	.037043302440603394	-.0380717943161664	.015524242401333972	-.04715047663414609	.02188077655382384	.023888077529312577	.02784125609323793	.01563998799517113	-.0327855194082364	-.004545482584853582	.014547893356592283	.07300002337917652	.02752925011455584	.04200014161368479	.004766275058012278	-.0049459719310289306	.024484539265910828	.008454277490651583	-.012516406829450408	.02803438727372424	.03246279986886534	-.019152261269303944	-.011807575316982047	-.006409984610817614	.00986977445973716	.005355783523297695	-.026926734769052548	.004221338781251012	-.018477831893263547	-.01230067883854243	-.01645741308527245	.009629518352275969	-.003637351557628416	.052618421337644196	.07750961368024718	.04447846024596681	-.010263891501270406	.019166750454469948	.019056742226500896	.012162535665837115	11975719198588687e-21	-.013712994754964385	.07834228773784335	.0013935466231670764	.0006029265470681362	-.054149749996542096	-.011288061984895783	-.022531806720655405	.012637813178870671	-.010289103319889428	.03896961902514325	.011431509145594836	-.040940852404076356	.03044364735500935	-.032486219082165924	-.005265064916057469	.02527544964678547	.026019783665157302	-.012190545473911622	-.026448568019110278	.011572318254377243	-11784557259595315e-24	-46077163988136355e-26	7238263602514915e-21	-6850329629411986e-22
-.016220623123324163	-.006699727828829811	-.0031866544554571773	.02661708133737123	.2214443121444214	-.01578982909012096	.02097670793527568	-.022723274151345486	.010063101461847853	-.02640286257179217	-.022454680464034465	.017161558944172137	.06636290827908234	.020103299625682525	-.03908612873394315	.0017469244863523145	.019710420413354905	-.024648370790263666	.03263364729160431	-.02825395351615998	.02437000038527875	-.0029981400820209545	.005730748542290476	-.013032304226938183	-.016055846277266774	-.014935331444783862	.005325741166166776	.015573596253849952	-.008581710509027741	.020450921523800517	.0018308871346057267	.027178118350554392	-.0018977889714399483	.0028138021782185265	.005834067577224998	.02103838999827503	.04649396345790032	-.047331352960653196	.007837524718205488	-.02290167754765762	-.011785290447857064	.012912122894797786	.02160859220846159	-.0250643742200678	.026014118632601776	-.05467528341636303	-.01750556776282534	.029367601311078278	-.0053472011688158174	.012956550710746757	.01247367871988013	-.014789014860580764	-.03439342204515245	-.027382065719985315	-.013519325940967494	.007221356161911589	-.024447980076498732	.044188816805311754	.02187256277280456	.0007756149044240757	-.0036626349879661283	.043923086170895125	.02162976904653596	-.03215074143660865	.027437212494833413	-.008390497361608993	.02449867436015471	.01704438113025621	.027126854865814048	-.006853180338912294	.04692670163294842	-.03656035552671342	-.013856552369583683	.01912470090948082	-.040000277269638417	-.02448921294788332	.0289492031093623	-.02215437648783893	.012663168787590807	-.01189725384928632	-.019459954713880546	.007507907245995547	.012666853387896334	.008007983361880406	.005101842549954373	-.014431975826471096	-.019992523175928978	-.04719757958467011	-.06277146247706313	-.017105995319349875	.007979600177874868	-.01266456521236867	.001953725609315098	-.0013911789635825931	-.019052244043402704	-.06096780968185971	.010297336239857527	-.007318778567787313	.00200055512983832	.02182602265608722	.0027928420678164957	.007961054597585466	-.007864852563440989	.02567332768766183	.014358405794603528	.010569422199009398	-.05357280095183307	.05159451413772109	-.020694148756998144	.030828221154149033	-.01677508283466212	-2074321434683253e-23	5629439633678158e-24	-7815643259083817e-21	28061879618941743e-22
-.0037953481840900145	.05207461042083806	-.005820751293779644	-.02603704743573065	-.01578982909012096	.23261060192300967	.02467177578879933	-.00703348611252083	-.02981444857437073	.027334310052567284	-.039655644633661835	.0003096254365183041	-.027287029396557694	.015463427496591409	.0036659033267279965	-.046912083446033336	-.018565129752663095	-.007954369822712425	-.014068064765019527	-.03061232268538152	.023944244263773864	-.02167462507750841	.008605248239565568	-.014016117789215358	-.046539448810208064	-.0075963300065763776	-.008468740073206745	-.005935986407536922	-.006413716772975537	.043950398930496994	-.006267961738478119	.00021318156948095784	.016961120981758213	.008420263373281715	.0007105639816376535	-.02183003806580853	.016129781588669	.007032978616734188	.00108174871133612	.025291426263614674	-.0022585261644926793	.009372591802294883	.02488241212999503	-.023878650694745696	-.03652876604733185	-.02739402694410299	.045096661245437375	-.04067249742277239	-.0070095262227206695	-.0036362895351543974	.009454004647999647	.05387559752907068	.026218798069001167	-.005537133132838267	-.042132408904181275	-.02402457066537232	.020741888716134048	-.008697162687673066	.00031282681919523095	.03855360016459826	.0371112859786386	.004389231723444226	.04124626813727756	.0018085795517590714	.012372587344419256	.019109845700501626	-.05532430955099178	.05783764518853376	.040567054216279104	-.011828213733424381	-.049954453747567	.02418928101518806	-.019971246982079426	-.013680766004377677	-.028379536465632328	.009680125382213457	.01736436334466671	.0016513230557651812	.028131757070374713	.028519379957148663	.03196385731459848	-.0057682554857025935	-.031898846807362956	.0203747133898689	-.018023282036965866	-.021532727639205204	-.006927866302394463	.0197876004194741	-.0020119222802075826	-.00746549553994322	-.005537581554199903	.025167925158753306	-.024403771183377967	41747625852029786e-21	.056252125993285135	-.03282289569564864	.015512741265635507	.0014824012778924661	-.006198073457764067	.004711527728620792	-.032733979269122186	-.0034424399113095485	.02530082056093945	-.0325353686912949	.001529996075515914	-.02141515813067813	.019528379154126974	.02625299248377031	-.0023695949605804724	.005643952144297588	-.007704261935175623	2132795578436527e-23	-2831452642601746e-23	-5138269838467894e-21	6496857607503959e-23
-.010264400379967386	-.001842755198464965	-.0047064450772165865	-.006798632764284817	.02097670793527568	.02467177578879933	.15788080118225567	-.016347386476912414	-.01602574422522731	-.050343274040611515	.02672795180227827	-.0035224941015639956	.015620039134165759	.0385956417219176	-.005740094727774963	-.003066472246120444	-.0011388147948824157	-.01969829996566356	-.012439451144318098	.0072704945049854265	.0058494386592731085	-.017460472189485404	.0029223675973009872	-.021739522517226464	-.03295688767079404	-.009082586357721646	-.002939491957459396	.027297022225832693	-.03388418335934639	.026662249153454325	-.0035950063530210117	-.03514638240865479	.006957161771298315	.018218833296772367	.017399890014374093	-.0098660478828681	.013436642229670967	.029314651889404884	-.008486442461840552	.021046397952336923	-.008932965205799776	-.0021758693638423768	.028697976477499835	.022497221398869203	.005025947408564925	-.031864958681887524	-.021698707877386123	.019243702541030038	8800582611972228e-20	-.0020929161841993812	-.03110348433215761	-.02018751974030169	-.017852334227547968	.022667425842876933	-.005259472434414229	-.029666483007324145	-.01930074877870914	.03213053719710547	-.0034852965906911337	.040957350912456066	.028370368575798152	.017357376744127417	.021897358382062675	-.03524345466693152	-.000853274182554497	.036432966005532835	.02701802942943851	.01494180750380958	.011978826545405543	.0016955388453957986	-.0010148106692082987	-.01930975716048626	-.0005971357792490077	-.0028809474657117405	-.024244731717229823	.0027474855729917747	-.001590171024884544	-.0052466872966953106	.00021726412996072935	.005034456691829423	-.007999053572793041	-.0030890365417267315	.023519599854024638	-.0028731776122555455	-.007103129842293603	-.006480265325216569	.00152174696226536	-.030051041397944515	.025051965800149237	.007864936721153078	-.0011424644739461331	.006251699233762558	-.0007267017455291879	-.00012666594369123324	-.02375956169296179	-.03094271603844132	-.0061140292316954874	.014464197801432821	-.0006614655233956105	.01664981216490208	-.03296354759798818	.04190888435652241	.021289491461157294	-.014282805089419797	.014777945398604697	-.027998954305012404	.03157529554111629	.015583586757720716	.01942474469983712	-.01990526193061569	.006826973549297989	-15869397367439583e-24	546400301086686e-24	-4305372573811457e-21	-17790916232299292e-24
.031288314475997635	.017421217083319684	6583413529927171e-20	.02564192938344168	-.022723274151345486	-.00703348611252083	-.016347386476912414	.1912041404840749	.006753954537628047	-.027585498481110582	-.01012862514301372	.024251604475739055	-.005485226124988417	.004402696740485605	.0024842795690140675	.06942137755924838	.020036025635459708	.022059335319604065	-.038270761662082306	-.002573113044470605	-.04980035041768376	.02527802993677909	.02050293757906801	.014233590678056145	-.0012703937107444167	-.020339551746866604	.039868028220472355	.01105236968375356	-.0043062822331332695	-.03607402785517408	.019563910670086802	-.01754421468090089	-.01457758142833621	-.00013847218422946767	.006419394395998232	-.018057016681176426	.029206535235205586	-.003234744044562752	.008209056838789067	.021348573171913462	.02310590346963918	-.009895152687941553	-.027433359897750816	-.020132831752585362	-.022974993351069603	-.01665918349117937	.0023312506460465587	.02609246455983463	.03325170441347743	.013741632090095273	-.001749213476404074	.008258872920066503	.04520520237358134	.026176155201415564	-.013512840018195374	-.03904080094952686	.02239536855055761	-.024078070785162404	-.01523876894662101	.03006384559402971	-.032719270747241784	-.036222571992372714	-.03548578152658748	.03380549742820915	.030289319746196145	-.009393407495979141	.004447917965195704	.00034016599232422964	-.009164079781751497	-.005743545307151102	-.02720588971459554	-.06887510952782881	-.0002239581247585732	.009208877067914338	.04246160918976969	.021418634658998743	-.016097495904058796	.02291822195087589	-.0009280851092989353	.04201241460389346	.004452844091960759	-.01324264891171605	.01846754225537443	-.013119689970274058	.02669451549200077	-.010464762100922365	.026339716430014908	.06868154338459127	.02007086974041666	-.0011715146234816819	.004562240241823761	-.0017318044241808853	-.014016804858158082	-.0003194823693676751	-.03546781893883012	.010716673982787502	-.02615287757642149	.0034664717978470073	.03329402256791867	.01038655016933712	.004883241043531716	-.03522501058012543	-.020959408798149372	.021226006762215265	-.016083116039238565	.032570415376680185	.005809346915912217	.018187420207096704	-.018957558657395155	-.044941244695579655	-.006119365828406792	-7166501900886501e-24	-2533237764130742e-24	1965752301669133e-22	37028921160368387e-22
.01627825759154057	.013791193627227577	.027087944485219607	.02310933817946406	.010063101461847853	-.02981444857437073	-.01602574422522731	.006753954537628047	.2127614593844552	-.017073591442416793	.01610849849388617	.05851432237824539	.033201723232103464	.020989669168691664	-.029388026624233905	-.02381037452400123	.0065102284222063635	.0006105008539088299	.009204746884401257	-.027157283988788663	.0026136606868319085	.01453639098531599	.030886132563287545	.0456354125660571	.030540176578298533	.010728631058831898	.01472412228812758	.03942310054546673	-.006475855483303261	-.0037570529101114284	-.002812754866063872	.03105945620809077	-.04381799806612568	.026731444024028484	.03455163451136664	-.004497002461220532	-.013818552104345285	-.032708061614070666	-.013880833952031683	-.0203236118236707	.027121751582973475	.021505024888152435	-.02180849755092831	-.0280919940242398	-.0037625846913715575	-.00021630323943549405	-.007319902640955721	-.00862865560235953	.0003983091263507912	-.0399728833481712	.04050808119923594	-.028777471335581672	-.002354478561828119	-.006912458668764263	.01600729127677547	.01045527507637453	.016292240090412653	.010887077939343673	-.02825914349737188	.045111077757658206	-.01153693228128781	.019366839629375382	-.010523225084494558	-.016331331150313638	.0033970643901188894	.00288187758765259	-.022051743000131303	.029684394993280565	.011389695602814984	.03218668587248672	.03811920154831127	.009150813432747878	.018690706193077163	.02254992357808604	.006890787776952617	-.06943292399087893	.047771273060664865	-.027519717751034675	-.02795737897288662	.01155667442595809	.017084922134471194	-.012269006884141804	.0461167889098881	.019549368340922503	.041047434488959755	.05090486766830163	.00692651063651916	.035753968706814125	.003239479761522954	.001001361849818718	-.012873198703758344	-.022644857737195392	-.02202547019671986	-9119008754800999e-20	-.04983579155827961	.016970630637981918	.016290327314542764	-.003970631458056795	.020470890545043727	.015095338714568621	.02878821130241241	-.0346869691423301	-.04415724698132662	.034067570899490106	-.020259024223099994	-.009425105552423417	-.0271484217312034	-.009014685062026802	-.0285997029080987	-.006178047623756944	-.011499308882719328	5431494230950377e-24	-12489585187184532e-24	3563542414114823e-21	3685183127066119e-21
.03931294809796913	.032657577578660314	-.0005035064167095739	.009840548258818072	-.02640286257179217	.027334310052567284	-.050343274040611515	-.027585498481110582	-.017073591442416793	.2589343103282455	-.010041170227691328	-.012891665616087932	-.04625218238557388	-.0013114854806364758	.017260258087662468	-.008775378120167945	.0008446447270149601	-.02319499279434566	.007512934613036255	.03713760241977429	.033037811674313376	-.012872477696699525	-.02628971549311331	-.017883882449634757	-.0033725638985432666	.00031372937746258127	-.04089442029855172	-.01548638693815752	-.006035060900490497	.010518321253744531	.0317377334810527	.04799720689343297	.05147069391869187	-.06326440164206314	.012307662407660774	-.017362823450601823	-.029101272745110592	.029767659953367477	-.06312656113053723	-.03787110880514244	-.0010186024071636164	-.0056610809702970855	.003887519240456049	-.03107023018570449	-.003050772897288384	.014445835869070802	.01783117784574424	-.019740315041296645	.004887591869852757	-.032309388460748226	-.006859815251560443	.007376883311820988	-.013413955871477166	-.004322991937664989	-.008367132712403445	.0010385559305850364	.015647685549163848	-.06290927967419979	.006418185198472377	-.030961534347390754	-.006203678924016599	.014300727464285361	.01434650073096442	.03287659670170488	-.006208606628227567	-.04505432000944567	-.02325152716317717	-.010302230410001792	-.045690227551494066	-.04152961286138842	-.012443107806039747	.03837300204489413	-.013162736922262231	-.051980313747445606	.003633303005410473	.043277491356727114	.014704929491785522	.011503316638016228	-.005531124858067299	.011815753995604984	-.01922271373961604	.008178579160641259	.029911885488867442	-.008421028246307912	.022167100887793775	-.02298624244336156	-.003333286941824588	-.02544269462637714	.0005345700652518149	.015725935769663302	.010492565431519841	-.0026701902744685905	-.03524007204712316	.0007292393131377242	.05548728709294094	.003549600225121848	.021634390086772818	.006234866477303456	-.018811903552809914	-.007041966927752894	-.002530780735758597	-.0003426228750251992	.02022101390113255	-.002524469781884601	.016806297567272616	-.0012524343078865153	-.01836856530951394	.008137705043411957	.003002164922274739	-.0001644914620300768	.009944197748245141	3587922401249363e-23	-9155350306501821e-25	37912592007885723e-22	-5131229323678332e-21
-.016460933625725184	.01947915539570944	.02285653047321182	-.051181709111814216	-.022454680464034465	-.039655644633661835	.02672795180227827	-.01012862514301372	.01610849849388617	-.010041170227691328	.22650631218186493	.04601533583132101	-.015280525106538687	.05176362994999554	.0008826785980510092	.016469880901108024	.011483216693036005	-.0019637083048786312	.01395618296181445	.0300700092195346	-.04218910224709031	-.02661799761295808	.008652599288256258	-.009605259416923447	.01508578437368288	-.010151636850079583	.012243121725206677	.03687858007123904	-.043626413365977605	-.0092119334048408	-.01295120803253191	-.004368537746055877	.043801816313089235	-.06459843513240054	-.004520932636093353	-.02192477492444932	-.023788942689441678	.0446968947278211	-.05184052069260733	-.01108808175331251	-.022734057166218315	-.003644763368273817	.043511190502826036	.0240818637365645	-.017835160157679174	.03584408654790401	-.011195492177265069	-.0024819760830409312	.009227588061095002	.03331424029320399	-.036961893818964274	-.04131018771030892	-.0392686575018842	.031780969755874244	-.020796642395081225	-.00930538059317288	-.04092311476587124	.006529272528929367	.009520792323558108	.0068684782312048555	-.052551999928014625	-.016177326892563838	-.031574101129088455	-.007776111302686189	-.013198021759180837	.013698616123450146	-.00858497083921834	-.034993609816550024	-.0007366963087576872	.018473957998349944	-.019852585983814952	.03038496279593273	-.006796167402919639	-.017285015453999332	-.01346061258095697	.004398993669442104	-.0012823524428827353	-.03329295314084162	.0033057640710537958	.003204908034755313	-.014171322547378715	-.020711667319981777	.007431992076588791	-.023503514171890887	-.021321255304031672	-.011637876462618702	.026207829474298207	-.024246696964366987	-.006805843553925586	.0067502679259632764	-.003793521807523476	-.0023098142872976066	-.009762302399709495	.00032258246862317344	-.011401846623849082	-.002736289162010578	.028931012501238994	-.006836717791936588	-.01267569952986945	-.008063051347650578	-.02705654739965926	.001673924899794723	.00409623388688864	-.00898345362809768	.0027456122847900086	.002352351646704084	.009461338220600496	.005621921448732496	.03361144682648602	.01687944953096747	.013784655007441403	34339630241969556e-24	-13534521987362194e-25	-31027037298221836e-23	10208631263141992e-22
.020712146285065118	.04013481828236356	-.02303091897449091	.015602627189250136	.017161558944172137	.0003096254365183041	-.0035224941015639956	.024251604475739055	.05851432237824539	-.012891665616087932	.04601533583132101	.19015771737907292	.007439254452739372	.039297513882351615	-.026406583221712583	.015347698996669117	.013565827087092686	.0007145721863147217	-.013489088618601985	.007769044280153387	-.02640612996671067	.02798501796558914	.012932773084181498	.027142604862369916	-.00922971423873248	-.02347837933262706	.032626639355893904	-.00018532770097524716	.002214736348632522	-.00010660717625125256	-.002955264385271725	-.03222498871698662	-.002098645350843019	-.004059336332359669	-.033394699105373925	.004303392531773518	.022550461716282263	-.006677628746478437	.004743657334826543	.015169806329804907	.0062096458351383966	-.03485778179462307	.027276589827013063	.020244860452351084	-.020364701272081738	-.0023221337802264053	.0015913687691138858	-.008356829570800497	-.022634300804126567	.0026738584972534254	.011526180609609648	-.04437076862704741	.020017726129629647	.012795627395543225	.003136677252658958	.018549717695488854	.013399950216094412	-.020475217568146457	.015164485592243357	-.015667727535823323	.013590818639488508	.032073819569970435	-.002867752379548546	-.012167719180449515	.033832116037002966	-.037320563456916624	-.01817558503710437	.04910672502025147	.015030385581151169	.01059254243609374	-.0214734896528318	.00043288684474565646	.048110846531679616	.012488593280284408	.010864176822689623	.014317487638686356	.024575815513684544	-.008881662530027645	-.018448696346833163	.017380354801447097	.023509988953009	.00592443030159403	.021365453813826547	.007422064797964845	.06006847538764322	.05100003698698827	.023952815958049187	.027086680520807035	-.020413572118853706	.01639853715135909	-.014491692161217219	-.019199425744835914	-.010797169400064725	.0007720773144118853	.005076625368562449	-.004294774558872179	-.005308914751104404	-.0021578559505207573	.009824955289138942	-.0313463951293032	-.02366575427909905	-.00030300001017771294	-.030331217772808537	.0009567103575686541	-.012872561837847619	-.013367223821472474	-.009873567147557258	-.00199965548447296	.014398163698090083	-.00638488941680613	.0014629773154213412	-17834518188868954e-25	11825408354793325e-24	903610364669125e-21	1668696164125303e-21
-.037540873393233115	-.046416750240081885	.017286178694748022	.017492513432488914	.06636290827908234	-.027287029396557694	.015620039134165759	-.005485226124988417	.033201723232103464	-.04625218238557388	-.015280525106538687	.007439254452739372	.20324863089397588	-.02028305941660584	-.03595691302475787	.0024472567662493453	.00038884606292705206	-.013862840562756011	.006571058373929749	-.038174470311934654	.015269260224296012	-.008651793358542922	.020895008500078808	-.006703913722465785	.003164848949910152	.0338289837919968	.01066839370920571	.00020111669601002532	.03302258758398379	-.005994783763768856	-.0031920519109691903	.014809903740136472	-.04750055393056428	.005455810713432192	-.0011190217010986394	.016048024065217333	.00019275741299986204	-.032000455581006795	-.0208107752357924	.021977653340604072	.005672350150416149	.012885344670015259	-.051458487839427115	-.01850277621138127	.046048200068698524	.0034189571842084448	-.02933951088865091	.04475185208205194	-.041366911864733034	.003119293043593316	.06901624853917046	-.031273460795033146	-.034005645715283375	-.022685918965272802	.03329267919916368	.015398547466239561	-.01574808670092371	.05001623263420998	-.010638307490737265	.051022389381944144	-.00831550651768467	.03908459800967797	-.023242008670080857	-.028501543236014188	.0033793812099062247	.007978303760598847	.017832905133125507	.014584593166268506	.046318548826454135	.007873647026457601	.04385655145206242	-.015333148836889757	.0262612173121008	.01808589874881368	-.01681001919586398	-.02002287528004648	-.015690007269998703	-.013034648131824022	-.019650498512190043	-.022399589041009173	.011238284918928875	.03645609594379359	.024110092257236454	-.01183302489147632	.009524451072038828	.016164906231493966	.03303236918051067	-.03465955429938082	.017713391158252628	-.009556226759561588	-.009068591887890684	.020608198263992412	.01843572838419255	-.0015472986017021862	-.011063900149169527	.0024090657613306775	.03301932579419901	-.005496693307057221	.014245347673309162	.0007084069566940905	.016732412208762856	.012151593754186295	.012127442264382943	.010981821544789681	-.004566983176053525	-.0165872858241857	-.009001173266072972	-.029537881955510686	-.014406645361844566	.011270603814318976	-.014437733382320773	40378474863690525e-25	-17914677633132016e-25	-4105557771401845e-21	2181340899159281e-21
.0373790471835222	.042738690736956804	-.014168761790852408	.007409598753099605	.020103299625682525	.015463427496591409	.0385956417219176	.004402696740485605	.020989669168691664	-.0013114854806364758	.05176362994999554	.039297513882351615	-.02028305941660584	.2273315341370684	-.0134785480771282	.0027445530942710483	.015132131268258141	.008772583913228804	-.028987813072853016	-.005780782286065932	.03697985390043209	-.041683808906531394	-.024158795498159708	.007531354563202019	-.02442753054714356	-.012164873810565503	-.007213986711230318	.05935001398034005	-.035369801289801286	.021809151742858714	.024273798981253793	-.014561787906498303	.028068370745956583	.007311998437340067	.04555826466532324	-.008132309708544061	.023012804750615075	.01625481378499687	-.05246477361977782	-.008407546804239031	-.012745230449256573	.0071287825861582575	.022548894617446604	.03405297700194343	-.03613377843295944	-.016530727794981364	-.0033330116216958436	-.016207827658851648	.04429463333585769	.02224490517382632	.013021387423938019	.024571087572806072	-.012931079662360954	.00974485130310081	-.011679679803009602	-.00132725454097327	-.04743388130377039	.020157445258470113	.01392614660494613	.02700125222266769	.01995699613119773	-.005426592197481667	.0015203384566307703	-.00963310366770342	.04121071474210889	-.05338369978658347	.028762683537915505	.04419498102403956	-.004523218479545242	-.02022226578046951	.0010948869022560349	-.04174686078051466	-.025054842349770737	.005772190302551955	-.011371563811818666	-.032931356161087805	.029650736114345815	-.005520053030969675	-.010786437813919374	.0347674880388227	.003561221130343651	-.022879191321265476	.0423322983368584	-.020222055514180604	.007460522326799339	-.023683153290183452	-.04073966866363062	-.01488707514012158	-.04423514545778066	-.007163555701143118	.011644837329192742	.012738804633040363	-.041713554353072446	.0003658649057338942	-.05176920454499811	-.024533699554820328	.007168200509731635	-.004999004811244145	.01530576696160428	.02196549352563657	-.036787414261683235	.017120125943718593	-.004638009069460714	-.0013607545967294931	.015388254817052345	.008649457733092456	-.01214680301236444	.04565092265384757	-.005027616034794832	.028148116121031113	.002392739373866428	-17902560192083647e-24	-3812290878339663e-24	-23315901297368546e-22	2030149295589702e-21
-.004327157205341081	.03275380797262243	-.002980924867143553	-.03698711023590406	-.03908612873394315	.0036659033267279965	-.005740094727774963	.0024842795690140675	-.029388026624233905	.017260258087662468	.0008826785980510092	-.026406583221712583	-.03595691302475787	-.0134785480771282	.19872610568038573	-.003423402232535245	.011740348088210693	.020851021642587852	.02319847146319585	-.010202623229422397	.03700624680994455	.06057587289547863	-.023125210043516593	-.02923127364937585	.03350671670172835	.00848130826889656	.011566208782170058	-.019919576156599204	-.007620500282894366	-.005489981000560952	.042907442603533574	-.017311151423183114	.011808830847030702	-.0035331919323925345	.03252230309465988	-.014347388150707293	.036592621170043915	.029611548288680765	.00755338493522525	-.009621040996017603	-.06695227563552995	-.005473514626553927	.015938394118950438	.0094265389182386	-.01932266936213987	-.018411871776093415	-.04588672755437636	-.006031556154431386	.008495989327284868	-.012433346686267723	-.033549564856993695	.06231732552515799	-.013584411757567718	-.04761756948300749	.02081098726742875	-.0274558269437721	-.014099933690914928	-.05579793054987134	.01800894232587708	-.0016281409018691062	-.03355755485106427	-.03088284810910018	-.024195178935083418	-.0016699511232439197	-.014041035794370757	-.01308417901471156	-.03223710283656102	-.03433830525776119	-.00011325966935187634	-.004804465431636756	.010092177332407568	.02761568278510909	.01760409012501705	-.010453709912227634	.038843814681136415	.020273692655982393	.023639295682388883	.017572114961688548	10493586661350355e-22	.008416954174626042	.02059935889008195	.015787590662691114	.0010515608657522286	-.032084359869831484	-.02700263257810195	.01793445663710344	.008583309822834024	.0449052430023856	.008122306326576772	.006009589793298696	.008936672406654451	.002113806160310343	-.008396362356284546	.0009845685531776258	.017062123273680434	.06488637532083119	-.05994298290153401	.03859614908884676	-.025660296558590125	-.03141409261905254	-.013382034685754218	-.03713562037938153	-.0037409107992955183	.0018031358304697275	.014956871885868783	.00034910608736810934	.008610254534124562	.016444500940482765	.03310134939848767	-.015796067292800507	.007816393994347925	-9723341636165399e-24	6381828696453744e-24	29071682385800457e-22	-8410360376376285e-21
.035520477636130865	-.014055345189523472	-.04573554756767754	-.024722084021746513	.0017469244863523145	-.046912083446033336	-.003066472246120444	.06942137755924838	-.02381037452400123	-.008775378120167945	.016469880901108024	.015347698996669117	.0024472567662493453	.0027445530942710483	-.003423402232535245	.3183326895821939	.07300405096868097	.032372724751399067	.014578657964490052	-.034862445571901005	.008578218610337179	-.008932725081089313	-.007654860236559774	-.005688859833080437	.0008000150356251343	13237469362134232e-21	-.011715953690146252	-.007703051839768995	.003700889204273044	.0014160734545575438	.019320320006997797	.008253080934912843	.05212551696438194	-.033006913057579114	.030478862572514306	-.006503688810869925	-.022810286608996585	.018764425191790095	-.002281792955676854	-.03373010795511892	-.03136858441127533	.006475943560354614	-.003692682043401518	-.028988943639387026	-.030093765447975884	.047001380372584785	.0012581287283085303	.022993190803884712	.008593368161345562	.029509758115837895	-.001790949316925609	-.02726648522201693	.013224998901982353	.0720788209171604	-.0022573677632049855	-.022389811394617536	-.020624116634788532	-.02468566270015048	.056323385375773236	.008239678701027243	-.01906841562721742	-.03848360057694315	-.06554235323182976	-.02625494992339337	.0032369412962622796	.019387345298034295	.04227352692461911	-.05468794911070248	-.010256263487945663	.002106125449965885	-.0344191033020809	-.06200668530552733	.05563323368662167	-.004911884970443225	.027503001833875242	.09914482933532622	.023648625966496077	-.009614873597210105	-.007293156209673086	-.04428678029676934	-.021631354547270176	.024126245197180252	.020464320381172952	-.04770996185959204	.007202275542585111	-.02381351425192075	.06640312734454529	.006981503081644569	.047701384860723076	.002870816520358576	.0024798218792683566	-.011362913273537872	-.05542408252698955	-5554023996848774e-20	.002329981193940738	.019066870466739414	-.03493355586698146	.01126014898925226	-.023038084879046662	.010114864437097179	.0040737422684702955	-.0048247285419662275	.00786899382804616	-.03745194874737679	.004522321778431828	.02616332041779522	-.022937298763767114	.03896122082588307	.013552088018856141	.040131656622600646	-.01666534861002136	-9082200954595751e-26	4325294062394749e-24	32981447006115313e-22	-692532139069387e-20
.024767854198790133	-.002610378784903385	-.005916757077790293	.029698681183415288	.019710420413354905	-.018565129752663095	-.0011388147948824157	.020036025635459708	.0065102284222063635	.0008446447270149601	.011483216693036005	.013565827087092686	.00038884606292705206	.015132131268258141	.011740348088210693	.07300405096868097	.16940082032769002	.018347694582404147	.028469389663142473	-.0005277766797961061	.0074216374658763575	.026885201804245036	-.0009162279991886829	-.010852011441269953	-.01595190645125404	.018826289811547037	-.0002610510476369908	.016159920034261723	.03134343876759867	-.00012417499374184197	.008609283069096571	.02243428728940173	.04522025385490339	-.01913319016366474	-.0120221535598952	-.016625855582498072	.017769181895009877	-.0009753455098610792	-.012823424475796062	-.006273019568419423	-.011483914698678299	.01980024582792803	.005053799534310517	-.014868289048277328	-.007305056196988494	.022344191389050656	-.004358904193065885	-.0034456035699531214	-.008764355470246817	-.028855601503036975	.009486610924797786	.011974185808456094	.000988028949976195	.01949541136143887	-.001590335505714847	-.011187569432907659	-.0030821722247581515	-.0147831326806381	.032743479977227895	.016604055316958716	-.01645641406606181	.035064970287858	-.009611524308632477	-.004343452524622701	.0009715190199056957	-.01844069427146324	.019035047118239737	-.02228523309828699	-.016119315679318846	-.0266919732531439	.015728542642299566	-.050114554050902205	.015992037747191563	.024984813935293927	-.007577899807398779	.00023373540257919825	-.002472994844940073	-.01900698109303039	-.01745988728984748	.009284873523094494	-.006536282679221555	-.00683082794826215	.03214190336285713	-.04963680871222831	.0007846028714486167	-.0001693424434322443	.030456016147200293	-.00867554137297102	.039322255100866614	.006675179829270989	-.00572388305314441	.012597698494293008	-.007578014246344436	.0008277015624200425	.0012341070492357326	.029485213844489808	-.00609624418556994	.03470619174387306	.025607158892885614	-.009487400073450107	-.01634292545005845	-.008787873451826828	-.017031664127465696	-.01820299186703134	.0025901819410914825	.008626767020829531	.0013387550742559806	.03856865823129439	.03674494679000724	-.0014259676857090746	-.0027626803919904804	1663972578999962e-23	16895541457802042e-24	28857717156070244e-22	-2949276062448225e-21
