[.0013825214893343593	.00016517570909362284	.00012637612197211956	-36791503635752244e-21	-.00018372723061640692	.00021605225961238457	-.0001590375121051991	.00042502705591533006	637060323769586e-19	-55076409020532354e-21	-.0002526227569838891	-3490995883253991e-20	.00015592633964510677	.00014008655309058032	-.0002786253440774476	-457794321248795e-19	-.00016503620561877634	-.0002994596472122406	.0001305231561531142	.00016555714841588233	.0003145836864116362	-.00019588582009746924	-.0002972010806036701	.00017608889661479537	-.0002602808405833734	.00021207992460779403	.00026380108892533983	.00015470111913365144	-4193636194850401e-20	42964201756426484e-21	.00013421643618784785	.00018580043891259826	.00017953914969696022	-21657528442346965e-21	.00030781117742700577	49333169254973084e-21	-908220050630392e-19	.0001155573961652498	.00011945308100725553	.00017617700151497165	.00027558500975438313	.0003061698710528126	.00013717114224881373	-38354475249502233e-21	-.00034346651409239784	409183016208673e-19	2260824774754144e-20	68627693145687005e-22	.00029321908815909027	-.0003093554560754238	2092487749345137e-20	16731691858077525e-21	.00033312290424918344	.0001039016342492942	-7215550753349652e-20	-9059304339601765e-20	-.00015867346179511012	264204376240319e-20	-.00012285304870458515	622681775562912e-19	-54268694935277403e-21	-.00040085435251785136	-.00031520129787885405	.00014700962054458547	-.00019370080144138254	.00041427602734184715	-.0002660989962429225	-9575284963680275e-20	-.0001912074304597212	6310334062026647e-20	-.0004107586091241593	-.0002570567767487347	5096491566579768e-20	.00019926721027884028	-.00029884637995914733	.00015827621881919692	-.00030391453702140246	-6516737038714503e-20	.00035201573489135796	.00042663154991575303	.00026496617965665896	-37317385674381e-18	29180637005212923e-21	-1688474537117581e-20	-702055300891474e-19	-758110249405038e-19	-48205221070172724e-21	.00017866053287477187	.00012084680941158949	.00015069929272884148	5284459883943312e-20	-2491985267366497e-20	-1983390493101265e-20	27826041421793718e-22	-.0003160892392838583	.00030172696144474645	8550794722093314e-20	-5292174704844953e-20	.00041502786567124714	9511090418415043e-20	-18307334056808446e-21	25682803928266204e-21	5602384539324507e-20	12953346295227089e-21	.00012374145191327164	-.00028151267385850896	-.0003032785428262881	7636580843667866e-20	-.00018731438458606707	-.00019465246138603495	-.00018860499149981588	1021435331641101e-25	-12790598728134836e-26	3637640164524861e-23	44813119904861886e-24
.00016517570909362284	.001962522889653471	.00010184926853216702	-6372857559782718e-20	-.00038801841687239415	.0004066921689679187	-46637439500421646e-21	.00023001127677308052	5703144079972473e-20	.0004679250142333586	-.0002499717059455611	.00022310901263974202	-6594313294099102e-20	.0003146738330740735	-.0001008222575428074	-.0002598199340116704	4450442284750623e-20	-9683043526185925e-20	502977840888986e-19	.0003695135200105309	-.0002697368550176182	.0002132938347703064	-.00028468797530832655	.0003953124478389969	-.00023197198268144273	.0004277136051359168	.0002854732617289873	.00015428335095290092	-2336171783835061e-20	-.0003825655201823348	.00010882491930263316	.00017864583947888312	.0004263286296643205	-.00014329756225769455	.0002652920711337503	-8628135096386527e-20	.00031413071111988295	-.0002507661964023151	-.0002481192668428886	.00022549728476767045	427179819969451e-19	-11285429630504248e-21	.0003038390663758119	9543156337181681e-20	15685935007825237e-21	-7370002877847346e-20	7581279448518592e-20	-.00015445249410808915	-.00028821879109175143	-.00017258656716610593	-.0002909231894287279	-877232852783414e-19	.0003624477139280039	5338037614152666e-20	-.0002778290493754483	.0001872736446880934	-.00035377148605650983	-.0002487973174208033	-899274921218336e-19	.00020414040401426763	.00012784680343645296	4415793303261156e-20	-.0003278938432610413	.00037986213057523494	.00017655185438075283	-.0001349858642057515	-.00013671869327884135	.00013862107930609968	-.00013943359345206408	-.00038619341281779493	-5900248250992467e-20	-.00042457823106809825	-.00033003274049536713	-7839971896739895e-20	-.00011866546595324354	.0002124866801954893	9410943895892254e-20	.0003699352196001087	.0002462133076776453	.0001390042270709259	.00015792189242652756	1176250836995456e-20	25091610241596412e-21	-56443085370783635e-22	.00035945437334829986	7344864715922959e-20	5030196331230424e-20	.0002780037594723885	-.00015097659385536298	.00012336659011923944	-80783299107433e-18	-.0001119447886913138	.0003186459854002019	1150160974632777e-20	.00014235397419048572	.000454505485758507	.00013777263335033524	-6771790203670865e-20	-20877527975521457e-21	-.00033704750140524023	-.00014869270176933702	4748928782469838e-20	-.000402734750489129	33004955882254194e-21	-.00011977170357617446	-.0002467246830005093	-.00019807199883150434	.00010124087632685986	-.00020732473703156758	-.00038492004788401264	20804597441405497e-21	-16905873823275479e-26	-34480215501000565e-26	699463302088923e-22	9620047989641717e-23
.00012637612197211956	.00010184926853216702	.002039346514648093	.00029373842953254434	-5121597385891542e-20	.00014839710363287033	.00023680422976963481	-.0002524398353978035	-5975270701502927e-20	-28789548705189746e-21	-8200842238994006e-20	.00023992321475295228	.00024545490201250276	.00047109198374361026	-.0003270917450606794	-.00040120424864967654	.00018937697865186769	.0006058500605337979	.00038110689607513844	.00019405945594562826	.00015019269439017142	.0004250594109569706	-5867430024648312e-20	.0002406111735464578	-.0002268161651832974	-8290194396897983e-20	.0001594707891968276	-.00011271450864663233	-.0005293364632046475	-.00014048188284200222	-5121346961009501e-21	.00020104475376512637	6778817258579212e-20	.00039995253203612893	.00034061269730913406	.00022347686962738842	5275881967095645e-20	9105639799943528e-20	.000558717785108463	-51550773420333535e-21	4102376189765239e-20	.00023138255543760758	-2464853514642406e-20	.00014598780979851252	.0003682470418821144	-50485744689999724e-21	-26581572515492786e-21	.00026522373208037324	-.0004188571136886921	-.0001262567545613773	.00020624477055051138	.00029974965186561263	.00019659422833108608	-.00013651559880491814	.0001005850281800269	-.0001807586397730123	-.00036355805446403803	.00013926333932934363	-2296561148051661e-20	7448049561315903e-21	.0001306880451585738	.00017426680597353898	-.00020892168071865344	.0001799339571503667	.0002668729194510652	.00023263223501769137	.00037402316870249747	.00025731744189923803	772773960351521e-19	-.00017833301388979264	-8967418568248926e-20	.00020111704662031308	.00010607165828715449	.00017050334255533557	-.00014098988422096983	777328791349253e-19	6762963361137447e-20	.0003696182498875747	.00023634877575386408	.00025363673053298687	9909941979738172e-20	7644100895543836e-21	.0003427315476248179	-.0003909483429988215	28600461204031584e-21	.00010332762231463276	.00020332366709522825	-6024046477405821e-20	-.00031547738593489866	59592429169153064e-21	4445817684681779e-20	-.00015449988987337816	-30676436093894695e-21	-1993220196692375e-20	.0002451302577877313	-.00022204667369427346	.0006296811599140532	.00026062265364544985	-.00016966602033767486	8439955307572132e-20	-.0007199757887294881	.00033412407812073193	-.00010609614713617416	.00027685049543187124	.0001117340150746561	7560918693767243e-20	-.0004300099814885975	8505415333030661e-20	.00023388123712128685	-.00024080222918157067	-.0001536375898034112	3579746253652349e-26	23125231665982961e-26	-11861770149339314e-23	10809761817821763e-23
-36791503635752244e-21	-6372857559782718e-20	.00029373842953254434	.0014945318870253658	2929756933718143e-20	.00012701057739626168	-.00036004829165563006	6610890194145273e-20	21614641756595853e-21	-3604453781913446e-20	-.00013669340111000517	3153216670887932e-20	.00023612322344539896	23332652415663008e-21	.00019028732872041206	-.00018811571733693062	.00011744222703799408	-6242645218552173e-20	.00036144645345269246	.00013847730041374672	.00010977413835594894	19768548530252088e-21	-2280878709353597e-20	.0002637415476960458	.00010768152977124743	6700750042216607e-20	-58116924008823906e-21	-.00024587895418643884	-.00015520232294885704	-.00019910808024016876	-.0002361065225055132	-.00013962640943683755	.00018843641493595804	-.00030384246733134427	-6017011101397165e-20	33410300240385566e-21	.00016433841769234348	-4143593102576616e-20	-.00023034253911669006	-9131906962939308e-20	.00012407669842688215	.0001755539188183825	-.000273260937421508	.00042551532648409324	52641994133552835e-21	-40858971777807476e-21	-6741954203415671e-20	.0002096778485495052	-50232733691598574e-21	.00011151871940448073	.00030415286026581217	16863650211058834e-21	9720498313866167e-20	-12602724511113019e-21	.00032415640866988415	-.00029559098752610373	-.0002389454379387837	.00018804965009735496	-.0004587499190806023	24888969787102873e-21	.00035021477338409294	-2839239843817419e-20	875354677736127e-19	.0001296622198640716	-.00038815996570803357	-3003024789123049e-20	.00034643781946497835	-4121458853027972e-20	-6360339473884618e-20	2979103186355647e-20	-.00010066559107397267	-.00012700728585999545	4538734414738014e-21	-.0003062846867649002	-.00018652322741835603	-.00011977042668866429	-.00019416496364417493	-.0002170372977515464	-.0001375687040026504	-31536420535702166e-21	8320250436555004e-20	-.00019304101301846342	.00010158755707552482	5871266399024735e-20	.00012877002296486642	.00026968248849134035	-3276569680110773e-20	.00018305724356866966	-5633609798822107e-21	-44367559016700474e-21	-3729983145241588e-20	-.00014917790537543913	7470129191747763e-21	27124792666051333e-22	.00032449912217573303	11392102886959085e-21	-.00017774485190135802	.0004224070562059012	-.00014744311025895323	-5387885759971606e-20	-.00011008092405936912	3603901011775269e-20	-.00019386072674689098	6611154557351545e-20	-34201203984094935e-21	7806767624414538e-20	-.00020880200329436867	.00025656361340711966	-.0004249491081330536	-.00031686738670101493	9502703937284767e-20	21742886805721038e-26	20052565750759475e-26	5024781487220426e-24	-47870290816421995e-24
-.00018372723061640692	-.00038801841687239415	-5121597385891542e-20	2929756933718143e-20	.0017669867208680895	-.0004898441964584231	.00011941734841620611	.0001913444943836721	.00023682629556607773	-.00015820864257289432	1789488546180805e-20	-.00014072753926407415	.00010233963128804046	8354526534572598e-20	5017796955790732e-21	.0001716633209482362	.00027505094025726814	-.0003499690114063325	.00019529879358778004	-.00014188575919849678	-.0005711323950256353	.0004672220123597017	.0003921062262383426	-.0001426497932417904	.00037485795863256643	-.00023969522763513627	8764986350254491e-20	.000202406502519284	19512263854933635e-21	.0002553436074959221	6005832747787353e-20	86324124675881e-19	-.00015112277588339083	-6140146057498768e-20	4917781790910388e-20	-1644652330465377e-20	.00011267578167638619	-.00016862726191641783	-.00029376292915041593	-.0004431758102723973	6762192139495519e-20	.00016668328710826705	-19788291073703624e-21	25349238940642046e-21	.00029793387778044377	-.00038793351221504303	-54002925159052024e-21	.0003765609119934392	.00015888872935863595	.00011286090314614618	.00017219150959972874	-.00010568110586913413	-.0002682733823675325	.0001949024640367875	7214270937513248e-20	-.00014534928281356013	2606133470043716e-20	.00023025603714583762	-.0003563565434732105	.0001522679931013015	-.0001326498099469178	.0003806031446522725	7251929620204029e-20	-.00042801714999718063	-.00020923296313939122	-.00010023387775303288	.00013638502539765334	-.000347581916763208	.00018709456282254425	8019976618491965e-20	.00025830358800659045	.00014813442563022338	6565324305591475e-20	-3176368933300676e-20	-.00034995081872318866	-.0004242449011464667	13893075396403829e-21	-.00015854322037070392	-.00014267902789805547	-.00028022929111016766	10376466477543135e-22	-47422215196010636e-21	.00027585791654242167	1566096806860051e-20	7160534212266782e-20	-412157744286701e-19	-.00010564076640561148	-.00015823542881689012	-4272459827637013e-20	-.00013139587957920355	-3796368754090366e-20	-55508887581200294e-21	-.0004395981663089273	-8707318709461345e-21	37229925932299566e-22	-.0006606619456527901	5138937845191474e-20	-7879525209150809e-20	.00010777018323803556	.00021562027912358175	.00029938663607755983	-.0002296781649175188	-.00014349824728938782	.00021811744721063786	-9569526662658507e-20	-.00010991344384096713	-.0002289465944949561	11781902478173669e-21	-59044943666698364e-21	.00014872616629255732	-.00024901027139916934	9600061720323342e-26	28371000709028677e-26	-57485341517480784e-24	6366689051014597e-23
.00021605225961238457	.0004066921689679187	.00014839710363287033	.00012701057739626168	-.0004898441964584231	.0017009934084448051	-10248796261464153e-22	7021845631985633e-20	-29537865562940914e-21	.00024204656246348079	-.0003716832644581821	.00011196945108180008	8274103764082152e-20	.00035868043048748247	-.00012819672567866702	-8658339610486346e-20	-.00021562490565480818	14300272086338994e-21	.00019024724087185187	-17366745087588086e-22	1652966413537152e-20	-355213424384191e-19	-720778492438544e-19	.00018834113332845802	-.0001547617872067009	.00011075660819008531	9272550615805013e-20	-4625501449773687e-20	.0001861556713752719	.0001646984485343123	.00040012408520585693	-6528461279711551e-20	.00019380236585253463	.00025612049293785675	9953529484930974e-20	-9014455181716069e-20	-.00010259241929456735	.000232360614820487	-.00020635231691657022	53443900917057844e-21	.0001198255529034836	.00050541492977569	-.00013842672928843474	42933175101202123e-21	.0002490917684225043	-.0003762804496054775	-3779301078451383e-20	-.0003825946382809194	.00015755218963475501	-5719516847427556e-20	60565651744131876e-21	.00021243341035296316	.00022479968291463437	.00030858223410738664	-.00028697227135800885	-.0003750722431455076	-.0006062259904181529	-9879807822663414e-20	.0002397947358073514	.00018848303021447375	-1081122319543785e-20	9759337450075575e-20	-.0005527052165072224	.00038185271924852593	.00021506186199682557	-.0002371007614778226	.0001043408772418006	.00015291986138366947	1979358079390359e-20	1944711519626633e-20	-.0007490599899330065	-7140574289986673e-20	.0003739787554688194	-.00038816403124868954	-.00016884179928760732	-4286974011600631e-20	-6890696654776478e-20	.00023303493651421881	-.00014234770694966558	.00039290242178042275	-52403300038783445e-22	.0003023962082665843	.00011453613524094185	-5751097707457569e-20	-.00020527166626236934	6508992651212008e-20	.00013774957715156333	.0002474454170531972	10782213628710414e-21	.00017503156987833392	-635078601668408e-19	.0002088171912242257	-11377113784596038e-21	-50922495081274234e-24	.00033311868327885166	-.00020572180309803967	.00029603913724964937	-.00011918955117496145	.00011299091115155136	.00013246029380774505	-.000398336448214974	5901543572328874e-20	-.0003012235515963722	19785741200240403e-21	43891355774319236e-21	-3365601602232423e-20	-.0001842200422407376	.0002201039642256357	.000143783443489753	-.0004631017549289874	-6500053620501814e-20	-1092522036451531e-25	-5619312748310742e-25	-53955873039327714e-25	-19980595241272797e-24
-.0001590375121051991	-46637439500421646e-21	.00023680422976963481	-.00036004829165563006	.00011941734841620611	-10248796261464153e-22	.001527307044013958	5220120465797445e-20	-.00012146418255249715	-.0003281517554826385	.00023228398644737662	.0001861425430968153	2023851449137962e-20	.0003968769416878767	3783407020519248e-20	-.0002220791966882887	.0002041442516904078	.00011743132111334038	-.00011583012506907538	-.00016256071303981455	-.00019463945949782058	.00047489358618890877	.0001376026100744442	-8018285342446169e-20	6335438005787069e-20	-.00028652931061411613	.0002352948673964475	.00024683999379173364	.00021449809635931715	.0003916788917252217	.00012124023305719396	.0001393988815288838	-.00010169533070986036	5943955365532771e-20	5392911292110343e-20	4855284610749529e-20	-.00022152209488318617	-.0003056071665398255	.00012356609221081434	-.00024499366130204296	6271164991765366e-20	.00010254649199027509	.00014445781818996764	.00010620852712820974	.00023878435141617808	-.00030986624259416216	-.00015090378016150948	-.00028599099593488807	4453166805626478e-21	6250717897471842e-20	-.00038125247479613194	.00039845505931476136	-5565180289298639e-20	.00010098764413845914	-.00010065830607512005	17666105734891227e-21	-.0003698207328092663	-.0001625381482045088	.00012811699950297393	.00016184595828516845	-51647824806671945e-21	.00016994000015620693	9338614465352194e-21	-.0003126301434764652	.00041093013911070695	.0002235704369515333	.0002798315583493636	-.00010413138395328355	-18692874905441297e-22	.00010523252841626841	-2856649952308555e-20	8447176525299464e-20	-28042803579117338e-22	36653178004480005e-22	8879582672172255e-20	1747709309837666e-20	-.0003598607343120411	.0005216208508346559	-707721640769168e-19	-21373977801634613e-21	-6823412497121646e-20	.0001009945323975407	.00039930362841345983	-.00016751474419804185	-.00025404951844464416	.00024119554810605806	.00023100832446154253	-6575426680810367e-20	2847855026651228e-20	348069329977131e-19	-545038067525281e-19	-4065565703877298e-21	8058033642620564e-20	-24671534584777577e-22	-.00023798245443802424	-.00013041882576930876	.00018681454069489306	-.00012156247034226752	-3626935716536063e-20	.00019786062268958995	-.00045870805817985405	-.0003522469994384947	-962423258625401e-19	4373222632491964e-20	.00011394025345218004	.00017939584198037057	-.00013823906877666163	.00010452033217769934	.0004376853728643918	-.00010306410224476673	-915698690251586e-19	13615396278286363e-26	1566991079181961e-25	-7451254272473908e-23	-31588693886104225e-24
.00042502705591533006	.00023001127677308052	-.0002524398353978035	6610890194145273e-20	.0001913444943836721	7021845631985633e-20	5220120465797445e-20	.001386305302608711	14407127903059105e-21	-.00013675070010408543	-9259708547518659e-20	-.0001039884888072185	8673796260166199e-20	-3099639825036744e-20	7305896601765862e-20	.0002725664625237625	885490726963853e-19	-.00019112763666697855	.00031912367625936306	-16202817222965953e-21	-.0002023924462961028	.00032501057936349867	4001745061892918e-20	.00017922536193144034	8614420254864444e-20	4860278097147334e-20	.00021791279510121307	-16974338524314128e-21	8691427015615713e-20	5261383164004874e-20	9894696230204218e-20	-.00012169172900453604	.00016358963354552966	-.00016018478174284877	-6672679865951234e-20	-.0001836530551279494	-.00018492684634273526	-.00010155481501329893	.00019526607262709123	.0001563106594344329	.00011317610655391227	.00063026887338068	.00010866764175792115	-.00022664807578451766	.0001618822921584211	-.0004404851931157253	.00013803437944992492	-.00014524235946418375	.00011897584801116523	1537621926246836e-20	-.00019728190067067996	-.00014745247576983212	.0003333670526900302	.00014789472543566348	-.0001169113263711522	-.00023414513889704377	-.00023757269368244476	.00012494466610867417	-.00033060227258573474	-.00017952309216466184	-.00024812705963560944	-.00032442401888850195	-.00029173540366701187	-3574301283025304e-20	-.00012852122792461536	.00020368808641154986	28204223258647483e-21	-9302767371196161e-20	.00016909892695015624	-.00011036539163801179	-.0002538426292290577	-.0004618926701073118	55746830184498536e-21	15110705454142782e-21	-.00011690734913035795	4591329215286446e-20	-.0002514248687730573	.0001653312924823599	.0002677855349397259	-.00012100738681211825	53613999591485675e-22	-9393497416274968e-20	.0001765762807513083	-.00010647806927215623	.00012402828562514478	-28324466962326962e-21	836246292096363e-19	.0002789756592293852	.00029004818955572094	-8914274287964584e-20	-7523647161958502e-20	4886518667861046e-21	-1103697627934447e-20	-10940728150035283e-22	-.00045298404887135686	8884017780637692e-20	-.00010392370730481696	-.00012305850063239874	.00022536556383074454	.0003631451093702235	-36365900908514593e-21	-.00014027307496378974	.0002308276386246563	-822293898169898e-19	-6627012868259984e-20	.00019153372169907897	-.0003377770091001025	.0004034366941921103	-.0005646689362863037	.0001713371228841935	-.00012287172188252604	-21213127189118856e-26	4124873356895211e-26	11980323369521969e-24	8492336341773634e-23
637060323769586e-19	5703144079972473e-20	-5975270701502927e-20	21614641756595853e-21	.00023682629556607773	-29537865562940914e-21	-.00012146418255249715	14407127903059105e-21	.0016887433644006754	-38448065056099825e-21	-23624932268483632e-21	.00036065983340614227	5425759921969403e-20	-9962323880755995e-20	-.00040995762121619027	-3585710006353618e-20	-7160203809105353e-20	-.0006466116685489641	52649110895316595e-21	4253787625399495e-20	-7060555811525904e-20	.00045396113039059243	.00042861904408096293	-6022099762812444e-20	.00016287545028683374	.0001451294618430745	.00016288041723689042	.0002844581827117935	.0002542746174518848	.0004609012614900588	.0002833836762207256	.0004197540234102029	567752762906926e-19	.00011675451598433684	.00036260273933142904	.0002028242352162238	6201486138316448e-20	-.0004377517908484368	-.0003113431064619422	-.0006380648239926056	1694486358552998e-20	-.0001335991766587245	.00015892934045207683	-9500391067420457e-20	5355573004620673e-21	-5619214072732539e-21	-8940539852055137e-20	-.00014552639777519295	.0002579333484537777	-.00020069468478967225	-935809578858802e-19	-.00019393565691853626	-.00010091801163304487	.00016718239108843736	-.000164078800017541	7337801040718323e-20	.0003542604614402772	-.00037536124809994695	-.0003464681966841194	6970694412748065e-20	.0002653965322936046	-4088087718129334e-21	-7110774072808695e-20	-.0002227845097864625	-.00022375825726207992	.00030547201911720266	-.0002907789561047433	-.00019382581278326702	-29433177732614126e-21	7472209224653044e-20	.00045106532641618326	.00012303193437858395	-.0002602977429311269	5062199270485411e-20	-.00026011407646033143	-.00023842503800366405	.00018932975710417817	-.0002694436066796595	.00022446923700414735	.0002472325926356107	-3090768392542172e-20	-.00030772432157186115	8410722893100124e-20	.0002706532759050709	3642884230885632e-20	30276423902325893e-21	-.00015958271060833947	.00027760739739252056	-11642781619737434e-21	.00012811762225950222	5961080738576637e-20	-8130420038835949e-20	-.00012099042762072199	28119097372971415e-22	-7527753478494489e-20	-9755382800847346e-20	.00015587997209209664	-9162292944849287e-20	-4495629672866502e-20	-.00022460734851497864	.00033555451823280834	-.0007948438863885338	32044376905628215e-21	.00020162949233244387	-5233402942022597e-21	.0002504202690936321	-.00031085531280085853	3690525565721655e-20	-.00035616023011568676	-.00017423335924372348	43806333800282845e-22	7012986386276825e-26	-3974241776826027e-25	-28257122231831275e-24	40560595286335526e-24
-55076409020532354e-21	.0004679250142333586	-28789548705189746e-21	-3604453781913446e-20	-.00015820864257289432	.00024204656246348079	-.0003281517554826385	-.00013675070010408543	-38448065056099825e-21	.0016492124570765827	-.00012811870720395066	-11894284448610416e-21	-.0001610605393381471	.0001914948601731715	.00011944167790582289	-.0001661132828110064	-6959803933224542e-20	-.00010393292864943242	1257141143643959e-20	7043563319355487e-20	6838691617921076e-20	-4643254603745492e-20	-.00017630254970034206	3483004529687407e-20	-.00011410061469873589	.00016257985739731183	-6911737256607408e-20	.00010394413941318382	.0003999421385880052	-6429821111023234e-20	.00038473796194064396	-632537949557711e-19	-32970414907808425e-21	-.0001448506492079362	-.0002100488470926216	-7489983907631902e-20	-.0002442938439405608	19191779229093946e-21	-.00011682943039862167	-6728451957990105e-20	-.00016442436259312863	-5552367562940761e-20	-8891257512951764e-20	-.00022213844927871024	-53210195847327925e-21	13158153312452842e-22	-.00028283622506783884	-.0002569126438155857	-5956744585784246e-20	-8842539061085929e-20	-.00014124067977577587	-4101491162271363e-20	-28699254461759732e-21	-.0002525027288222219	.0001229062489882537	-.00013761441566994582	3635511684413759e-20	-.0006770318230089841	-.00032261557784765764	-.00013130685970219282	-.00025859291962377056	.00016411527103433316	-.0005408173453818465	.00024351539010867564	9059208073205855e-20	-.0004193622124320579	-.00015977817318355527	.00024192908209501557	-4524549876978474e-20	-8448925846027798e-20	.00012641487401506677	.00012751567120061194	900097219185905e-19	5987346847914627e-21	9993072873848258e-21	7961688723457997e-20	-51664890934783026e-21	.00030736254224043077	.00011103564249346012	-.0002164173586853804	45023156604344454e-21	.00012568774128421045	-7842450160277328e-20	.00019492407453674377	-2667927802940708e-20	.00010430975056395388	-.0001059563487397158	.00014528953320516188	-.000245876862126171	.00010076677939316094	32417458534625734e-21	.0001599066060415798	-.00010379376142527594	4939914207496367e-21	.00018030031279233448	49400931666245035e-21	.00027026187467193177	-.00038959044390522143	6279558615513596e-20	-.0002677783535310076	5179511568532861e-21	.00017918589968985118	.00012881777804503398	4387529560894441e-20	9740618508396291e-20	.00015753000923467305	.0001969529045154554	-9600396146672105e-20	19182287741527125e-21	3756964715039372e-20	7021754539377892e-20	-3872621212153025e-26	-2533670023241845e-25	27338480158291413e-24	9095683905214567e-24
-.0002526227569838891	-.0002499717059455611	-8200842238994006e-20	-.00013669340111000517	1789488546180805e-20	-.0003716832644581821	.00023228398644737662	-9259708547518659e-20	-23624932268483632e-21	-.00012811870720395066	.0016807131933197635	.00031623474431701637	.00012985484804718922	.0001468883445567698	.00025975296418126996	5627469144376632e-20	-16254755734105836e-21	-19530534583313815e-21	4551418238129076e-20	-.00016827983684751245	4164711843930829e-20	7552037453967046e-20	.00011076256054697758	-.00023721411640465563	.00027210772576066527	-.0003047644778846273	5372084888009592e-20	.00017400757455889442	-.00030154039050870034	8754607158856882e-21	25085506484236642e-21	.00010271125222384706	.0002843340715657184	-.00037463844900877667	-42141619645581206e-21	-.000229596161980595	.0002046380805326933	.00017537100876800253	.00016376140572747834	-.00042312387305862287	9979457457132391e-20	-53766934556590664e-21	-.00016687446259917564	-7861261384372224e-20	14480036476621105e-21	.0006701861805476095	-.0001716234472074296	-.00013410772402651163	-.00015373612984629986	-.00026290760760736904	5600893712358266e-20	6726954089248435e-20	-.00040021295306071693	.00012181357421154414	.00019687885010562068	.0001077095729700166	-.00019017149647312278	-.00011104402078836143	.00028374380139196796	6124669747559248e-20	-.000137644334442607	.0002894169099171275	-7146859210055056e-20	-9268754986022287e-20	.0003415410943340781	-.0002368100396701379	.0002006494920228686	-6964301606631281e-21	.00019787241464436618	.00022602855770565984	-.0002696251635476025	7236643848279485e-21	-.0002502828514651617	.0003804013033197945	.00021708051227038364	-3742824086205504e-20	.00024274501624166285	21067364561893765e-21	-.000211596505321369	9448138821277622e-20	31266346039895125e-21	.000122908376802572	.0001046378174438822	-.0004541175509757839	-7727724865729766e-20	.00026141385743304785	.00017258107132359275	-.00020290130170181892	.0002908472885033137	-.0001041193884278603	-3999103260366798e-20	9222328521148656e-20	-.00012858279119866515	4619770570019464e-21	.00010435593006113023	-.0001945679690681306	9276796904961727e-20	-4609732977242385e-20	-.0001521019845893862	-.00016626257985085456	-531657769823967e-19	-7515334813464233e-20	-.00016822772826928406	-.00013877232433683458	-22672740117857703e-21	.00016799314342253103	.00015065830960133984	-58737926990583256e-21	.00041475558331148575	.00043968611668116566	2234245143926618e-21	117767022777057e-24	4921188818543798e-25	-9165654820929807e-24	-4373143543147547e-23
-3490995883253991e-20	.00022310901263974202	.00023992321475295228	3153216670887932e-20	-.00014072753926407415	.00011196945108180008	.0001861425430968153	-.0001039884888072185	.00036065983340614227	-11894284448610416e-21	.00031623474431701637	.0015666995161162961	7980958200791114e-20	.0004933200347956796	5905057305485743e-20	-6495603539405805e-20	.00020332109568080295	-2693973224102038e-20	.00021639456443081157	.00013961778667945772	-.00023346647321770294	.00032001258996982847	.00014813135668015505	-7535753561474786e-20	1256151934934873e-20	9521233730368188e-20	.00015604811822733707	.00032982388979298677	.0001756105796862165	.0001156758840252026	6161541692826113e-20	-2934957512671583e-21	.0001285778440292739	-8123043461533422e-21	2255008199223256e-20	.00020583841487168967	.0003854043631372389	-.00016990767217629895	7612513824546501e-20	-3964585954771456e-21	-8649046741584632e-20	3113303493699595e-20	.0002603707374206782	.0003059644170486783	.00035554399797718174	-2091554454312267e-21	-.00012783127965562135	-.00043532192980358446	-.0001856703189670743	3915737386978364e-20	-.00033677950929218443	.00012573514049244965	.00023782903977508273	.00024244790040335226	-377239304191968e-19	44838989434668894e-21	7201938721479658e-20	-.00018465298338029236	15762199197687238e-21	-.00011239372179276761	.00019457826586134183	.00026417227811229905	-939422509972361e-19	-.0003116588491653543	.000381725679518319	6249532829241604e-20	8407887473600266e-20	.00013207311408720162	-.00013943679883896508	-3728731494273382e-20	-.00017182576430127127	.0003947830412444649	6328274525757696e-20	898689082544276e-19	.00022221280190731335	.00022785681238643432	9150438762980423e-20	.00016993105370804608	.00012558607243879467	.00012293188460375207	32649536172831074e-21	82064497098325e-18	.00026611697931035525	-.0001360656119441448	.00021887735216969727	.0003445418188456983	.0002553247750040413	.00018812659970089682	-37565152406875436e-22	25475859873570116e-21	4918319267699204e-20	14516554996622952e-21	-39200256203357646e-21	7897262754729376e-21	.00018949919275734848	.00010579975189764175	.00025859840615953425	.00029040956641118455	-491513503082909e-19	-.0007697696032078453	-.0002729759462537427	-.00028915532542265375	-.00013115274241378965	-1829073860985552e-20	-3335390172835303e-20	.00017014131534781536	-.00010172178219887797	.0003669979586296643	.00021891126633188078	-.00014721142638149672	-3841691074941294e-21	-9880770098884753e-26	2413938531054003e-25	4818655908758837e-23	3768831398793181e-23
.00015592633964510677	-6594313294099102e-20	.00024545490201250276	.00023612322344539896	.00010233963128804046	8274103764082152e-20	2023851449137962e-20	8673796260166199e-20	5425759921969403e-20	-.0001610605393381471	.00012985484804718922	7980958200791114e-20	.0018847969603201468	-10750835247320493e-21	-.000425088187563787	-5748300637180668e-20	-.00018884646932948977	-.00020372467019747495	.000494929473030165	.00041446554551014973	.0004923541260779521	.0005669585399054283	5916575257885069e-20	.00011500601960188097	3652412325669873e-20	-.00012589924966748046	9455564748034841e-20	.0005006231523488259	-.0002720936213763391	-.00041563067457427546	.00021486088598162263	.00021540454592167325	.00037826871209693114	-.0001837642133465013	.00012616282768952648	-.0001647343669146153	.0004003269732925964	-.00012234624696714168	-.0003445047358033097	.00027318256547443167	.00022994703884699147	.00031500948880561376	-.00020227548253691605	.0005181998093557604	.000195042526256967	-.00047347356220369785	-.0006345726742304286	6751569033254229e-21	-.00015877458848300406	-.0002168142033763761	.0002369050583729307	21133030821127737e-21	-.00033368886313438277	.0001126019291119152	.00011129625822614849	9170370218157688e-20	-.0005344371994020558	.0005697639049336134	-.0003528810206883392	.0005253560564351645	-13722839792946094e-21	9780988022761794e-20	-2844613454230841e-20	-.00016285499812874451	.00040100691289581534	-.00012779005246451306	.0003628156973451492	-.00039092186076266895	-.0001286927126862302	.0001408447706745656	-.00013988942462110952	-4381139100692413e-20	-8775091658792755e-20	.00016686620148253738	-.0003242431275626319	-.0002959385661222243	-.00012214247816238824	-.00036859301371498077	-6864955116566979e-20	-.00017479148571151025	.00035213791152932607	-.00028592760660493957	.000195688108497511	-.00031264298712311797	.00011830238204604255	.0002714248398236018	.0002008715571872788	-.00010466950506587642	.00013397898344138333	-26798890835317853e-21	9899261160970298e-20	.00010170320770376198	-7902253756487829e-20	-12122247059076376e-21	-4265740339879892e-20	-4246766833641347e-20	.0001203071705145333	.0005315784244624109	.00041290134727746104	6813994884557441e-20	-.0004157165616165241	26829503396235547e-22	-.0002558657156548165	.00021826903393785512	-.00012081279029058927	-20836346457189233e-21	-.00045750855531088503	-17872861351541048e-21	28798238765656675e-21	.0003272520892901351	-60935417106079356e-21	-20090871289689975e-26	7201445693284508e-26	-2769209661776013e-23	62298361107873145e-25
.00014008655309058032	.0003146738330740735	.00047109198374361026	23332652415663008e-21	8354526534572598e-20	.00035868043048748247	.0003968769416878767	-3099639825036744e-20	-9962323880755995e-20	.0001914948601731715	.0001468883445567698	.0004933200347956796	-10750835247320493e-21	.002220201339094111	5878800218964051e-20	-.0002206267909406016	4475981331925718e-20	-4709340826798875e-20	.0001551618709467354	8681336596250704e-21	.00013509831522720832	.00023463735256110612	-.00012038802914360002	.00039320852492055313	.00012909365495660874	-.00010639738734206559	.000309243879151826	.000249949147317994	.00020761146634375174	.0004835788865580342	.0003128472179845387	-4273051744048384e-20	.00014803417828988805	-6442953218169241e-20	.0002718910531035783	-57352066597971504e-21	-.00018279591337128692	.00012293352741485345	-.00017615966173992623	-.0001114034931819555	3984427306003391e-20	.00014643734026107116	4925728276084205e-20	.0006266339066459216	.00039086627511936904	.00010477682972185546	-.00024346251343134137	-.0004895862750050604	.0002474342185633757	-31781094764284536e-22	-.00010982776473960891	.0003155034928974213	.00034733350507464483	-7648851900303246e-22	-802636384406397e-19	-3889435525747921e-20	-.0008174218878217583	-.0004075099947812757	-.00017975423388963535	.00025802390179306884	.00017240983335027764	.0005068427796519262	-.0002631554610418619	8159560836180118e-20	.0006055595886573367	-.00014335971699691943	.0003105050732780933	.00012176666867580892	.00023157121319233154	975773257058669e-19	-.00011447886386150393	.00031628175528883594	.0004256721905301779	-.00011863378463249537	-6230384677917578e-20	-6334917454320625e-21	-.00021521379307367874	.0004479348829523216	8354636493296358e-20	.0001430040188578504	.0002601438726796095	.0006661617299463636	.0002698561987514716	-.0002595887368441185	-4877147255282535e-20	.00043323466846608967	-.0002616625018396035	.00029859010814800265	-.00023013572570172578	-906066472751943e-19	7605978184566972e-20	-.00015992478001892305	-.0001233968622118725	-2184198903685641e-21	.00038409785234532964	-.00021779469611135958	-.0003198275802085357	-.0004073912047632845	.00019156642976192616	9013383075619452e-20	-.0005573943042435671	2587425813633596e-20	-.00013229780800288652	23108371505523118e-21	.00021197116136600601	.0001818912869114602	-.00017555387309617409	.0005528952365962096	.00040520780891272325	5729307080296188e-20	6463095940138231e-20	-21280181039226241e-26	8040580373350239e-26	-8315137427046284e-23	12365513061989744e-24
-.0002786253440774476	-.0001008222575428074	-.0003270917450606794	.00019028732872041206	5017796955790732e-21	-.00012819672567866702	3783407020519248e-20	7305896601765862e-20	-.00040995762121619027	.00011944167790582289	.00025975296418126996	5905057305485743e-20	-.000425088187563787	5878800218964051e-20	.0019740993247679274	18081696393985552e-22	-31046107286825945e-22	-.00017444674621433693	.00010363855085433349	-.00022408597605434413	-.000315414570903463	-.00022182891169954437	-.00012203595679728865	-9440334720718576e-20	.00014348003968891709	37594586851378236e-21	15330714870982167e-21	.0001712669767659789	-.00010537176277806065	.00016891340990944016	-.00017639403281078346	-.00039021520893585426	28447883263520677e-21	.00019092353570824818	-.0008226143222983243	-.0005032565171494863	.00030633105832446594	-.0001612311570281989	-.00024235860350088333	-.00014430930870271846	-.00024266538723413143	-.00015071727387166596	-5003128676932109e-20	-.00031230038860349303	.0002846689660143036	-.00012059439092904805	-.00014099263134299684	-.00046541948494530707	1915423963242711e-21	-.0001254036037105946	.00024048125253436865	.0002089980227487427	-4482803288307304e-20	-.00014847056594656134	.0003974760163495162	-.0005059346636945249	38810739160879845e-21	-.0003565883001674651	-.00011148773997748601	-9197721383060636e-20	-.00029087206473471863	-7156289530041484e-20	-.00038794045030241014	-.00021802882631312978	9000883630218504e-20	-7882376552422382e-20	1184865922335873e-20	.00022847653383385865	.00012344265361045824	-5474011751833625e-20	-.00022853518191013852	.00036705997481366456	.00025533671055001026	-.0001800885209733288	.0003056644593828199	.00010771317051058286	.00019156902625482023	.00037791682968920764	-.00026972909289900275	-.0005035687661435652	-28461444767852814e-21	.0008481648645538546	-.00029247203428777287	-.00022110689692840063	6798486373981488e-20	.0003348037264694946	.00012769287037136948	759208750247675e-19	.00010955793627973901	-6296253318474444e-20	-24887150592990722e-21	47501688062600465e-21	.00013454030179474552	10548300516375124e-21	.00037867582502374624	.00021564655962344695	-.00038779489505019483	-.00021534782981144721	-.00026928314089078324	-.0002592406789320581	-.0004661118275030469	.0003849342387249044	-.00011218751359578626	-.00027509004771856523	606243929710669e-19	-.0004151779835943143	.0003797772565655647	-.00028397801181443604	.00021100162854444153	7776296641474717e-20	7636716635927767e-21	9384226449888914e-26	1237626032248877e-25	804395045509564e-22	-11373870129662554e-23
